     0/399      2.7G     0.112   0.02289   0.05739    0.1923        22       640         0         0 0.0004613 9.997e-05   0.09371   0.01747    0.0515
     1/399     2.99G   0.09569   0.02051   0.04644    0.1626        23       640         0         0  0.004527 0.0009182   0.08334   0.01598   0.03889
     2/399     2.99G   0.08558   0.02061   0.03679     0.143        24       640    0.1429  0.001504   0.03518  0.009149   0.07483   0.01516   0.02791
     3/399     2.99G   0.07662   0.02053   0.02889     0.126        28       640   0.01901   0.09774   0.06046   0.01448    0.0655   0.01439   0.01997
     4/399     2.99G   0.07144   0.01906   0.02266    0.1132        25       640    0.1714    0.1111   0.08733   0.01927    0.0616    0.0133   0.01418
     5/399     2.99G   0.06902   0.01744   0.01986    0.1063        31       640    0.1299    0.1274    0.1312   0.04247   0.05861   0.01221   0.01073
     6/399     2.99G   0.06789   0.01637   0.01628    0.1005        30       640    0.1058    0.2951      0.19   0.04931   0.05819    0.0111  0.009009
     7/399     2.99G   0.06655   0.01534   0.01437   0.09626        20       640   0.09773    0.2314    0.2217   0.07344   0.06058   0.01021  0.008532
     8/399     2.99G   0.06386   0.01477   0.01419   0.09283        25       640   0.07746    0.3603    0.2432    0.0848   0.05343   0.01002  0.007975
     9/399     2.99G   0.06114   0.01504   0.01299   0.08917        30       640    0.0741    0.3021    0.1855   0.05532   0.05423  0.009511  0.007383
    10/399     2.99G   0.06076   0.01381   0.01135   0.08592        24       640     0.245    0.5148    0.4095     0.169   0.06172  0.008642  0.007718
    11/399     2.99G   0.05829   0.01371   0.01195   0.08395        31       640    0.1185    0.3687    0.2623   0.08114   0.05647   0.00864  0.007691
    12/399     2.99G   0.05762   0.01279  0.009807   0.08021        27       640    0.1148    0.3371    0.2468   0.08985   0.06135  0.007934  0.006987
    13/399     2.99G   0.06242   0.01233   0.01098   0.08574        23       640    0.1047    0.2967    0.2441   0.08489   0.05608   0.00812  0.006847
    14/399     2.99G   0.06169   0.01238  0.009971   0.08405        24       640    0.1346    0.3549     0.265   0.09296    0.0564  0.007713   0.00741
    15/399     2.99G   0.05735   0.01291   0.01177   0.08203        28       640    0.1366    0.3849    0.2726    0.1035   0.05373   0.00784  0.007098
    16/399     2.99G   0.06016    0.0115    0.0102   0.08186        23       640    0.1861     0.295    0.2207   0.08151   0.05791  0.007536  0.007131
    17/399     2.99G   0.05924    0.0116   0.01019   0.08103        28       640    0.1525    0.3846    0.2886    0.1102   0.05174  0.007326  0.007211
    18/399     2.99G   0.05331   0.01188   0.01049   0.07568        31       640    0.1628    0.3671    0.2696    0.1013   0.05224  0.006887  0.006748
    19/399     2.99G   0.05383   0.01152   0.01059   0.07594        30       640    0.1535    0.3774    0.2754     0.099     0.051   0.00696  0.007117
    20/399     2.99G   0.05258   0.01149  0.009564   0.07364        24       640    0.1657    0.3862    0.3283    0.1196   0.04749   0.00718  0.006131
    21/399     2.99G   0.05299   0.01099  0.009023     0.073        27       640    0.1351    0.3832    0.3224    0.1178   0.05119  0.007328  0.006022
    22/399     2.99G   0.05265   0.01104   0.01021   0.07389        28       640      0.13    0.3398    0.2467   0.08593   0.05212  0.007186  0.007344
    23/399     2.99G   0.05375   0.01091  0.008725   0.07339        26       640    0.1648    0.3627    0.3484    0.1404   0.04624  0.007298  0.006674
    24/399     2.99G    0.0507   0.01128  0.008636   0.07062        23       640     0.139    0.3804    0.3045     0.132    0.0491    0.0069  0.006233
    25/399     2.99G   0.05174   0.01038  0.008021   0.07014        29       640    0.1713    0.3701     0.342    0.1397   0.05206  0.006887  0.007085
    26/399     2.99G   0.05087   0.01076  0.008613   0.07024        28       640    0.1751    0.3932    0.3222    0.1352   0.04611   0.00708   0.00637
    27/399     2.99G   0.04948   0.01062  0.009026   0.06912        23       640    0.2026    0.3704    0.3569      0.15   0.04482  0.007148  0.007275
    28/399     2.99G   0.04918   0.01107  0.008845    0.0691        22       640     0.358    0.5373    0.3895    0.1631   0.04975  0.007322  0.005725
    29/399     2.99G   0.04702   0.01094  0.008398   0.06636        26       640    0.1887    0.3659    0.3391    0.1342   0.04709  0.006995   0.00569
    30/399     2.99G   0.04689   0.01088  0.008278   0.06605        25       640    0.1578    0.3671     0.313    0.1365   0.04573  0.007181  0.006551
    31/399     2.99G   0.04708   0.01016  0.009122   0.06636        32       640    0.1687    0.3702    0.3175    0.1249   0.04678  0.007608   0.00865
    32/399     2.99G    0.0468   0.01097  0.006219     0.064        29       640    0.2223    0.5417    0.4725    0.2527   0.04403   0.00692   0.00595
    33/399     2.99G   0.04527   0.01046  0.007846   0.06358        28       640    0.2825    0.3529    0.3758    0.1694   0.04389  0.006888  0.007817
    34/399     2.99G   0.04508   0.01006  0.006974   0.06211        22       640    0.2369    0.3612    0.3515    0.1587   0.04194  0.006657  0.007253
    35/399     2.99G    0.0457    0.0107  0.006263   0.06266        36       640    0.2747    0.5429    0.3811     0.163   0.04955  0.006727  0.006409
    36/399     2.99G   0.04419   0.01071  0.006475   0.06137        22       640     0.203    0.3702    0.3573    0.1452   0.04186  0.006629  0.005713
    37/399     2.99G   0.04294   0.01043  0.006517   0.05989        23       640    0.2603    0.5416    0.4262    0.1905   0.04551   0.00688  0.006808
    38/399     2.99G   0.04341   0.01008  0.005706    0.0592        29       640    0.2276    0.5103    0.3837     0.159    0.0414  0.007461  0.006922
    39/399     2.99G   0.04327   0.01021  0.007256   0.06073        32       640    0.2192    0.3627    0.3406    0.1392   0.04175  0.006946  0.006973
    40/399     2.99G   0.04337   0.01053  0.007093     0.061        31       640     0.249     0.412    0.3807     0.157    0.0424  0.006737  0.005602
    41/399     2.99G   0.04423   0.01022  0.005954    0.0604        23       640    0.2261    0.3533    0.3241    0.1319   0.04363  0.006874  0.009212
    42/399     2.99G   0.04225  0.009982  0.005212   0.05745        24       640     0.198    0.3717    0.3385    0.1485   0.04094  0.006728  0.006781
    43/399     2.99G   0.04207  0.009732  0.006517   0.05832        26       640    0.2693    0.4001    0.3692    0.1515    0.0442  0.006717  0.006133
    44/399     2.99G   0.04138   0.01019  0.005937   0.05751        19       640    0.2268    0.4182    0.3805    0.1876   0.04065   0.00666  0.006252
    45/399     2.99G    0.0409  0.009386   0.00557   0.05586        30       640    0.2885     0.543    0.4871    0.2376    0.0408  0.006639  0.006892
    46/399     2.99G   0.04184  0.009756  0.005217   0.05681        29       640    0.2985    0.4117    0.3899    0.1582   0.04038  0.006601   0.00543
    47/399     2.99G   0.03875  0.009657  0.004984   0.05339        24       640    0.2712    0.5176    0.3969     0.175   0.04074   0.00664  0.006054
    48/399     2.99G   0.03993  0.009791  0.005019   0.05474        34       640    0.2982    0.5642    0.4199    0.1989   0.04048  0.006745  0.006195
    49/399     2.99G    0.0394  0.009707  0.005568   0.05468        24       640    0.2519    0.5029    0.3588    0.1507   0.04423  0.006818  0.006313
    50/399     2.99G   0.03955  0.009175   0.00519   0.05391        23       640    0.3181    0.5099    0.4949    0.2259   0.04072  0.006645   0.00583
    51/399     2.99G   0.04063  0.009193  0.005163   0.05499        16       640    0.2569    0.5473     0.516    0.1811   0.04272  0.006806  0.005481
    52/399     2.99G   0.04139  0.009811  0.005162   0.05636        23       640    0.2863    0.5218    0.4309     0.183   0.04168  0.006708  0.005385
    53/399     2.99G   0.03903   0.01019  0.004775   0.05399        35       640     0.326    0.5058     0.426    0.2056   0.04145  0.006684  0.005634
    54/399     2.99G   0.03994  0.009925  0.004162   0.05403        33       640    0.2812    0.3986    0.4012    0.1717   0.04125   0.00657  0.005696
    55/399     2.99G   0.03904  0.009213  0.004645    0.0529        29       640    0.2413    0.5058    0.3688    0.1632   0.04145  0.006841  0.006574
    56/399     2.99G   0.03883  0.009535  0.004537   0.05291        29       640    0.2776    0.4969    0.3909    0.1765   0.04245  0.006649  0.004848
    57/399     2.99G   0.03887  0.009919  0.006573   0.05536        29       640    0.2439    0.3558     0.339    0.1632   0.04322  0.006577   0.00564
    58/399     2.99G   0.03848   0.00976  0.006275   0.05452        24       640    0.2677    0.3542     0.343    0.1582   0.04041  0.006859  0.006239
    59/399     2.99G    0.0377  0.009216  0.004319   0.05124        26       640    0.2725    0.5118    0.3494     0.141   0.04203  0.006656  0.005774
    60/399     2.99G   0.03979  0.009118  0.003592    0.0525        31       640    0.2457    0.3687    0.3923    0.1808   0.04292  0.006876  0.005273
    61/399     2.99G   0.03736  0.009326  0.004671   0.05136        24       640    0.2991    0.3983    0.3823    0.1722   0.03966  0.006653  0.005134
    62/399     2.99G   0.03724  0.009305  0.004375   0.05092        33       640    0.2582    0.4094    0.3808    0.1725   0.04078  0.006693  0.006693
    63/399     2.99G   0.03594  0.009821  0.004503   0.05026        31       640    0.2726    0.5231    0.3835    0.1756   0.03911  0.006738   0.00571
    64/399     2.99G   0.03799  0.008546  0.004188   0.05072        26       640    0.2971    0.5231    0.3883    0.1851   0.04004   0.00669  0.006431
    65/399     2.99G   0.03798  0.009069   0.00626   0.05331        20       640    0.2743    0.3917    0.3825    0.1718   0.04243  0.006865   0.00573
    66/399     2.99G   0.03707   0.00924  0.004773   0.05108        24       640    0.2948    0.5084    0.4088    0.1862   0.04045  0.006618  0.004548
    67/399     2.99G   0.03747  0.008705  0.004288   0.05046        22       640    0.3108    0.5084    0.4238    0.1938   0.03998  0.006554  0.005858
    68/399     2.99G   0.03652  0.008807  0.003873    0.0492        17       640    0.2844    0.5048    0.3569    0.1703   0.04057  0.006578  0.005728
    69/399     2.99G   0.03834  0.009046  0.004137   0.05153        33       640    0.2801    0.3613    0.3674    0.1776   0.04023  0.006529    0.0051
    70/399     2.99G   0.03677  0.009193  0.004549   0.05052        28       640    0.2891    0.5043    0.4037    0.1929    0.0398  0.006816  0.004427
    71/399     2.99G   0.03715  0.009104  0.004779   0.05103        28       640    0.2835    0.3915     0.358    0.1701   0.04071  0.006781  0.004863
    72/399     2.99G   0.03606  0.009447  0.004496   0.05001        27       640    0.2827    0.5488    0.4984    0.2939    0.0381  0.006881   0.00581
    73/399     2.99G    0.0364  0.008852  0.004148   0.04941        26       640    0.2831    0.5642    0.3794    0.1658   0.04026  0.006457  0.004802
    74/399     2.99G   0.03593  0.009216  0.003595   0.04874        27       640    0.2804    0.3789    0.3762    0.1649   0.03936  0.006824  0.004993
    75/399     2.99G   0.03557  0.008497  0.003507   0.04758        23       640    0.3032    0.3884    0.3891     0.194    0.0393   0.00651  0.004847
    76/399     2.99G   0.03566   0.00868  0.003989   0.04833        23       640    0.3088    0.3986    0.3956    0.1995   0.04015  0.006501  0.005019
    77/399     2.99G   0.03506  0.008835   0.00401    0.0479        23       640    0.2881    0.3789    0.3769    0.1864   0.03952  0.006291  0.005169
    78/399     2.99G   0.03584  0.008437  0.003511   0.04779        24       640    0.2789    0.3657    0.3595    0.1761   0.03909  0.006587  0.005594
    79/399     2.99G   0.03513  0.008684  0.003382   0.04719        26       640    0.3247    0.5188      0.43    0.1826   0.04078  0.006627  0.004769
    80/399     2.99G   0.03643   0.00869  0.004024   0.04914        27       640    0.3458    0.4737    0.4426    0.2202   0.03927  0.006786  0.005641
    81/399     2.99G   0.03515  0.009144  0.003135   0.04743        30       640    0.3342    0.5402    0.4388    0.1864   0.03874  0.006748  0.004952
    82/399     2.99G   0.03583   0.00852  0.003082   0.04743        19       640     0.305    0.4928    0.3836    0.1798   0.04052  0.006806   0.00643
    83/399     2.99G   0.03367   0.00897  0.003375   0.04602        26       640    0.3128    0.4264    0.4031    0.2017    0.0381   0.00689  0.006008
    84/399     2.99G   0.03455  0.008758  0.002926   0.04623        21       640    0.3114    0.5417    0.4748    0.2414   0.04053   0.00675  0.005763
    85/399     2.99G   0.03404  0.008355  0.004154   0.04655        26       640    0.3227    0.5417    0.4307    0.1923   0.04091  0.006807  0.005601
    86/399     2.99G   0.03478  0.008665  0.003854    0.0473        26       640    0.3062    0.4103    0.4166    0.1682   0.03995  0.006635  0.005074
    87/399     2.99G   0.03506  0.008358   0.00381   0.04723        24       640    0.3028    0.5702    0.4871    0.2469     0.041  0.006748  0.004619
    88/399     2.99G   0.03321  0.008602  0.003571   0.04539        38       640    0.2931    0.5161       0.5    0.2921    0.0406  0.006685  0.005412
    89/399     2.99G   0.03341  0.008671  0.002932   0.04501        25       640    0.3075    0.5062    0.4083    0.2102   0.04064  0.006888  0.005555
    90/399     2.99G   0.03366  0.008378  0.003884   0.04592        25       640    0.4153    0.5028    0.4808    0.2642   0.04174  0.006743  0.005707
    91/399     2.99G   0.03295  0.008511  0.003664   0.04512        19       640    0.2763    0.5357    0.4901    0.2173   0.03946  0.006599  0.006266
    92/399     2.99G   0.03405  0.008886  0.002578   0.04551        26       640    0.2996    0.5804    0.5085    0.2477   0.03891  0.006624  0.004982
    93/399     2.99G    0.0336  0.008513  0.003593   0.04571        25       640    0.4457    0.4999    0.4896    0.2508   0.03934  0.006548  0.005714
    94/399     2.99G   0.03276  0.008597  0.003361   0.04472        28       640    0.3681    0.5044    0.4797    0.2665   0.04071  0.006555   0.00503
    95/399     2.99G   0.03434   0.00866  0.003961   0.04696        25       640    0.3358    0.5312    0.5027    0.2767   0.04104  0.006563  0.005127
    96/399     2.99G   0.03375  0.008985  0.003936   0.04667        25       640    0.3565    0.5271    0.5086    0.2851   0.04002  0.006687   0.00515
    97/399     2.99G   0.03198  0.008277  0.003703   0.04396        28       640      0.31    0.4986    0.4795    0.2488   0.03934  0.006553  0.004615
    98/399     2.99G   0.03379  0.008799  0.003286   0.04588        26       640    0.3133    0.5533    0.5055    0.2594   0.03925  0.006506  0.004036
    99/399     2.99G   0.03335  0.008551  0.003078   0.04498        33       640     0.365    0.6388    0.5562    0.3042   0.04125  0.006575  0.004325
   100/399     2.99G   0.03225  0.008517  0.003164   0.04393        20       640    0.3632    0.5402     0.491    0.2624   0.03889   0.00653  0.004876
   101/399     2.99G   0.03229  0.008388  0.003372   0.04405        27       640     0.323    0.5182     0.457    0.2567   0.04184  0.006806  0.005641
   102/399     2.99G   0.03254  0.008308  0.002845   0.04369        29       640    0.3222    0.4956     0.395    0.2159   0.03891  0.006493  0.005006
   103/399     2.99G   0.03212  0.008336  0.002532   0.04299        24       640    0.3021    0.4141    0.3802    0.1745   0.03867  0.006659  0.005879
   104/399     2.99G   0.03239  0.008804  0.002716   0.04391        25       640    0.3442     0.537    0.4163    0.2168   0.03916  0.006787  0.005703
   105/399     2.99G   0.03103  0.008222  0.002398   0.04165        33       640    0.3272    0.5343    0.4223    0.2278   0.03808  0.006725  0.005595
   106/399     2.99G   0.03086  0.008156  0.002831   0.04184        28       640    0.3172    0.5387    0.4308    0.2233    0.0389  0.006638  0.004642
   107/399     2.99G   0.03068  0.008061  0.002726   0.04147        21       640    0.3261    0.5358    0.4968    0.3005   0.03786  0.006732  0.004904
   108/399     2.99G   0.03249  0.008278  0.002555   0.04332        31       640    0.3456    0.4986    0.4798    0.2939   0.04003   0.00672  0.004127
   109/399     2.99G   0.03204  0.008452  0.003312   0.04381        28       640    0.3615    0.5423    0.4924    0.2977   0.03843  0.006707  0.004146
   110/399     2.99G   0.03147  0.008322  0.002808    0.0426        25       640    0.3402    0.5362    0.4912    0.2633   0.04061  0.006659  0.004446
   111/399     2.99G   0.03176  0.008121  0.002826   0.04271        27       640    0.3389    0.5659    0.4051    0.2014   0.04084  0.006521  0.005501
   112/399     2.99G   0.03219   0.00811  0.002438   0.04274        22       640     0.297    0.5103    0.3711    0.1809   0.04049  0.006819  0.005079
   113/399     2.99G   0.03094  0.008062  0.002848   0.04185        26       640    0.3262     0.546    0.3898    0.1989   0.04052  0.006816  0.004712
   114/399     2.99G   0.03073  0.007957  0.002702   0.04139        25       640    0.3147    0.5014    0.4724     0.281   0.04202  0.006779  0.004901
   115/399     2.99G   0.03117  0.008265  0.002827   0.04227        17       640    0.3383    0.5073    0.4926    0.3066   0.04059  0.006513  0.005546
   116/399     2.99G    0.0316  0.008062  0.002511   0.04218        28       640    0.3441    0.5129    0.4277    0.2355   0.03871  0.006475  0.004205
   117/399     2.99G    0.0312  0.008011  0.002999   0.04221        29       640     0.306    0.5174    0.4958    0.2878   0.03857  0.006708  0.004583
   118/399     2.99G   0.03051  0.007717  0.002731   0.04096        14       640     0.304     0.406    0.3899    0.1883   0.03883  0.006883  0.006202
   119/399     2.99G    0.0309  0.008022  0.002628   0.04155        20       640    0.3131    0.5943    0.3848    0.1782   0.04083  0.006883  0.006266
   120/399     2.99G   0.03281  0.007817  0.002997   0.04362        26       640    0.3426    0.5914    0.4448    0.2156   0.03924  0.006849  0.004318
   121/399     2.99G   0.03142  0.007994  0.003224   0.04264        21       640    0.3262    0.4997    0.4108    0.2211   0.03929  0.007186  0.006185
   122/399     2.99G   0.03113  0.008184  0.002533   0.04185        27       640    0.3197    0.5012    0.4821     0.262   0.04022  0.006846  0.004703
   123/399     2.99G   0.02962  0.007971  0.002099    0.0397        25       640     0.312    0.5116    0.4903    0.2837    0.0393  0.006609  0.004504
   124/399     2.99G   0.03086  0.008155  0.003143   0.04215        25       640     0.313    0.5159    0.4953    0.2933   0.04026  0.006734  0.005191
   125/399     2.99G   0.03042  0.008439  0.003126   0.04198        31       640    0.3384    0.5028      0.49    0.2384   0.04047  0.007034  0.004659
   126/399     2.99G   0.03033  0.007734  0.002453   0.04052        27       640    0.3517    0.5657    0.5044    0.2353   0.03995  0.006951   0.00667
   127/399     2.99G   0.02973  0.008146  0.002653   0.04053        28       640    0.3254    0.5195    0.4882    0.2745   0.03888  0.006724  0.004901
   128/399     2.99G   0.03034  0.007912  0.003105   0.04135        33       640    0.3454    0.5488    0.5034    0.2908   0.03977  0.006814    0.0043
   129/399     2.99G   0.02987  0.008077  0.002856    0.0408        22       640    0.3624     0.571    0.4316    0.2218   0.04134   0.00682  0.004496
   130/399     2.99G   0.02971  0.008269  0.002713   0.04069        27       640    0.3278    0.5013    0.4869    0.2466   0.03846   0.00702  0.005731
   131/399     2.99G   0.02899  0.008046  0.002713   0.03975        26       640     0.316    0.5456    0.5085    0.2576   0.03985  0.006806  0.005416
   132/399     2.99G   0.03125  0.007894  0.002819   0.04197        24       640    0.3013    0.5387    0.5009     0.276   0.03705   0.00689  0.006367
   133/399     2.99G   0.03005   0.00782  0.002948   0.04082        25       640    0.3478      0.54    0.5024    0.2636   0.03984  0.006858  0.006473
   134/399     2.99G   0.02831  0.007568  0.002554   0.03843        27       640    0.2896    0.4967    0.4794    0.2767   0.04098    0.0072  0.007277
   135/399     2.99G   0.02961  0.007243  0.002681   0.03953        28       640    0.3292    0.5594    0.4938    0.2772   0.04109  0.007149  0.005787
   136/399     2.99G   0.03099  0.007768  0.003008   0.04177        29       640    0.3068    0.4911    0.4696    0.2643   0.03979  0.006932  0.005783
   137/399     2.99G   0.03006  0.007669  0.003656   0.04139        18       640    0.3527    0.5612    0.4153    0.2226   0.03939  0.006732  0.007339
   138/399     2.99G   0.02993  0.007726  0.002426   0.04008        30       640    0.3053    0.5069    0.3759    0.1887   0.03898  0.006739  0.009529
   139/399     2.99G    0.0297  0.007643  0.003172   0.04051        24       640      0.35    0.5458    0.4948    0.2438   0.03919   0.00677  0.005525
   140/399     2.99G   0.02933  0.007673  0.002261   0.03927        26       640     0.339    0.5293     0.495    0.2584   0.04028  0.006957  0.004813
   141/399     2.99G    0.0299  0.007347  0.002486   0.03974        24       640    0.3409     0.546    0.5054     0.288   0.03885  0.006675  0.004483
   142/399     2.99G   0.02787  0.007532   0.00208   0.03748        25       640    0.3264    0.5088    0.4871    0.2698   0.03752  0.006775  0.004589
   143/399     2.99G   0.02844  0.007707  0.003362   0.03951        28       640    0.3833    0.5664     0.418    0.1996   0.03789  0.006709  0.004851
   144/399     2.99G   0.02864  0.007714  0.002305   0.03866        29       640    0.3357    0.3946     0.369    0.1816   0.03925   0.00681  0.005015
   145/399     2.99G   0.02937  0.007913  0.002323   0.03961        31       640    0.3878    0.6396    0.5755    0.3263   0.04008  0.006617  0.004932
   146/399     2.99G    0.0284  0.007649   0.00319   0.03923        32       640    0.3352    0.5071    0.5061     0.276   0.04043  0.006887  0.005408
   147/399     2.99G   0.02863  0.007337  0.002259   0.03823        21       640    0.3284    0.5029    0.4933    0.2615   0.03849  0.006992  0.005104
   148/399     2.99G   0.02816  0.007527  0.002285   0.03797        21       640    0.3057    0.5044     0.482    0.2623   0.03962  0.006894  0.004751
   149/399     2.99G    0.0282  0.007348  0.002528   0.03808        19       640    0.3122    0.5073    0.4915    0.2812   0.03891  0.007012  0.005294
   150/399     2.99G   0.02823  0.007612  0.002571   0.03842        31       640    0.3608    0.5105     0.498    0.2687    0.0379  0.006948  0.005177
   151/399     2.99G    0.0275  0.007252  0.002794   0.03755        31       640     0.331    0.5044    0.4916     0.301   0.03838  0.006718  0.005044
   152/399     2.99G   0.02859  0.007689  0.002576   0.03886        31       640    0.3497    0.5116    0.5055    0.3046   0.03848  0.006633  0.005611
   153/399     2.99G    0.0281  0.007629   0.00309   0.03882        21       640    0.3478    0.5129    0.4293    0.2338   0.03734  0.006768  0.005401
   154/399     2.99G   0.02586  0.007519  0.002218    0.0356        22       640     0.342    0.5098    0.5044    0.2756   0.03846  0.006864  0.004793
   155/399     2.99G   0.02693  0.007446  0.002088   0.03647        27       640     0.329    0.5116    0.4942    0.2749   0.03812  0.007009  0.005427
   156/399     2.99G   0.02714  0.007419  0.001941    0.0365        22       640    0.3085    0.5099    0.4262    0.2234   0.03938   0.00705  0.006518
   157/399     2.99G   0.02668  0.007369  0.001731   0.03578        20       640    0.3376    0.5144    0.4959    0.2982   0.04007  0.006987  0.006646
   158/399     2.99G   0.02826  0.007212  0.001832    0.0373        21       640    0.3337    0.5028    0.4072    0.2096    0.0387  0.006786  0.005694
   159/399     2.99G   0.02835  0.007492  0.002083   0.03792        34       640    0.3631    0.5128    0.4971    0.2932   0.03861  0.006772  0.004514
   160/399     2.99G   0.02643  0.007367  0.002207     0.036        31       640    0.3399    0.5131    0.4978    0.2792   0.03881  0.006949  0.005573
   161/399     2.99G   0.02749  0.007433  0.003049   0.03797        25       640    0.3552    0.5343    0.5115    0.2556   0.03918  0.006866   0.00481
   162/399     2.99G   0.02606  0.007177  0.002515   0.03575        19       640    0.3287    0.5157    0.5002    0.2668   0.03861  0.006958  0.004239
   163/399     2.99G   0.02608  0.007037  0.002042   0.03516        19       640    0.3564    0.5693    0.5208    0.2607   0.03948  0.006806  0.004545
   164/399     2.99G   0.02777   0.00725  0.002232   0.03725        24       640     0.316    0.4956    0.4814    0.2797   0.04125  0.006961  0.004985
   165/399     2.99G   0.02649   0.00761  0.001948   0.03605        33       640    0.2964    0.4969    0.4657    0.2691   0.04054  0.006707  0.005082
   166/399     2.99G    0.0273  0.007292  0.001628   0.03622        31       640    0.3233    0.5372    0.4851    0.2836   0.03897   0.00702  0.005423
   167/399     2.99G   0.02649  0.007305  0.002747   0.03655        18       640    0.3053    0.5131    0.4943     0.283   0.03921  0.007117   0.00508
   168/399     2.99G   0.02703  0.006877  0.002031   0.03594        28       640    0.2952    0.5028    0.4833    0.2808   0.04078  0.007009  0.005537
   169/399     2.99G    0.0265  0.007168  0.001899   0.03557        30       640    0.3136    0.5028    0.4834    0.2387   0.03979  0.007051   0.00548
   170/399     2.99G   0.02646  0.006972  0.001855   0.03529        26       640    0.3328    0.4967    0.4812    0.2275   0.04073  0.007176  0.006322
   171/399     2.99G   0.02671  0.007498   0.00199    0.0362        27       640     0.345    0.5114    0.4908    0.2366   0.03828  0.007173  0.005192
   172/399     2.99G   0.02673  0.007307  0.001799   0.03584        30       640    0.3493    0.5172    0.5033     0.294   0.03951     0.007  0.004764
   173/399     2.99G   0.02631   0.00707  0.002394   0.03577        20       640    0.3852    0.5129    0.4882    0.2852   0.03896  0.007261  0.004982
   174/399     2.99G   0.02651  0.007364  0.002328    0.0362        26       640    0.3295    0.5114    0.4928    0.2946   0.03848  0.007228  0.005188
   175/399     2.99G   0.02612  0.007228  0.001809   0.03516        22       640    0.3242    0.5101    0.4862    0.2691   0.03894   0.00715  0.007249
   176/399     2.99G   0.02685  0.007345  0.002608   0.03681        24       640    0.3357    0.5111    0.4958    0.2905   0.03879  0.007201  0.006753
   177/399     2.99G   0.02587  0.007117  0.001942   0.03493        20       640     0.343    0.5142    0.4955    0.2871   0.03936  0.007142  0.005431
   178/399     2.99G   0.02604  0.006967  0.001906   0.03492        25       640    0.3402    0.5007    0.4813    0.2878   0.04028  0.007142  0.005229
   179/399     2.99G    0.0266  0.007735  0.002291   0.03663        27       640    0.3353    0.5157    0.4858    0.2616   0.03933  0.006878  0.005379
   180/399     2.99G    0.0258  0.007398  0.002531   0.03572        38       640    0.3273    0.5129    0.4823    0.2813   0.03925  0.006997  0.006253
   181/399     2.99G   0.02711  0.007234  0.002545   0.03688        20       640    0.3039    0.4997    0.4809    0.3003   0.04066  0.007106  0.005573
   182/399     2.99G   0.02641  0.007262  0.001537   0.03521        20       640     0.337    0.4982    0.4831    0.2822   0.03917  0.006881  0.007209
   183/399     2.99G   0.02696  0.007413   0.00223    0.0366        27       640    0.3438    0.5041    0.4955    0.3145    0.0397  0.006921  0.005669
   184/399     2.99G   0.02648  0.007464  0.002353    0.0363        26       640    0.3336    0.4926    0.4874    0.2898   0.03935   0.00709  0.005478
   185/399     2.99G   0.02526  0.007233  0.002173   0.03466        35       640    0.3508    0.5013    0.4881    0.2875   0.03904   0.00719  0.005849
   186/399     2.99G   0.02618  0.007561  0.001756    0.0355        30       640    0.3455    0.5081    0.4219    0.2272   0.03926  0.007069  0.007133
   187/399     2.99G   0.02608  0.007102  0.001898   0.03508        24       640    0.3362    0.5186    0.5078    0.3051   0.03903  0.006809  0.007331
   188/399     2.99G   0.02667  0.007508  0.002488   0.03667        20       640    0.4021     0.581     0.519    0.2851   0.03983  0.006879  0.008486
   189/399     2.99G   0.02631  0.007329  0.002408   0.03605        26       640    0.3149    0.5056    0.4944    0.3037   0.03918  0.007353  0.006539
   190/399     2.99G   0.02692  0.007037  0.002335   0.03629        22       640    0.3185    0.4997    0.4862     0.281   0.04033  0.006911  0.004892
   191/399     2.99G   0.02536  0.006834  0.002413   0.03461        27       640    0.3206    0.4971    0.4809    0.2596   0.03882  0.007096  0.004487
   192/399     2.99G    0.0258  0.007454  0.002108   0.03536        26       640      0.37    0.5373    0.5165    0.2718   0.03786  0.007018  0.004952
   193/399     2.99G   0.02481  0.007294  0.002182   0.03429        31       640    0.3351    0.5216    0.5166    0.3081   0.03766  0.007051  0.005019
   194/399     2.99G   0.02437  0.006932  0.001899    0.0332        20       640    0.3462    0.5114    0.4992    0.3026   0.03732  0.007038  0.005327
   195/399     2.99G   0.02526  0.007447  0.002061   0.03477        29       640    0.3429    0.5259     0.512    0.2724   0.03736  0.006963  0.004723
   196/399     2.99G   0.02605  0.007212  0.002344   0.03561        26       640    0.3483    0.5086    0.4908    0.2519   0.03745  0.006969  0.005455
   197/399     2.99G   0.02442    0.0068  0.001677    0.0329        20       640    0.3344    0.5142    0.5008    0.2826   0.03719  0.007262  0.006022
   198/399     2.99G   0.02474  0.006851  0.002174   0.03377        24       640    0.3363    0.4982    0.4789    0.2675   0.03977  0.007246  0.006818
   199/399     2.99G   0.02471   0.00697  0.001332   0.03301        27       640     0.328    0.5041    0.4766    0.2824   0.04034  0.007403  0.007841
   200/399     2.99G   0.02457  0.006864  0.001992   0.03342        21       640    0.3503    0.5084    0.4994    0.2869   0.04172  0.007151  0.006832
   201/399     2.99G   0.02443  0.006922  0.001848    0.0332        38       640    0.3147    0.5054    0.5036    0.2588   0.04143  0.007306  0.006826
   202/399     2.99G   0.02488  0.006671  0.001346    0.0329        25       640    0.3263    0.4967    0.4898    0.2805   0.04243   0.00709  0.006938
   203/399     2.99G   0.02504  0.006684  0.001182    0.0329        28       640    0.3595     0.506    0.4931    0.2499   0.04156  0.007003  0.007296
   204/399     2.99G   0.02451  0.006598  0.002286    0.0334        21       640    0.3305    0.4996    0.4777    0.2645    0.0408  0.007173   0.00631
   205/399     2.99G    0.0243  0.006697  0.001955   0.03295        26       640      0.32    0.4967    0.4811    0.2407   0.04028  0.007168  0.006138
   206/399     2.99G   0.02381  0.006742  0.001888   0.03244        28       640    0.3435    0.5026    0.5024    0.2613   0.03975   0.00711  0.005124
   207/399     2.99G   0.02294  0.006695  0.001847   0.03148        22       640    0.3658    0.5099    0.5137    0.2464   0.04022  0.006971  0.004678
   208/399     2.99G   0.02371  0.007079  0.002155   0.03294        27       640    0.3621    0.5263     0.503    0.2708    0.0397  0.007061  0.004925
   209/399     2.99G   0.02406  0.006847  0.001913   0.03282        30       640    0.3504    0.5084    0.4942    0.2854   0.04028  0.006994  0.005392
   210/399     2.99G   0.02337  0.006605  0.001778   0.03175        23       640     0.332    0.4954    0.4824    0.2734   0.04031  0.006982  0.005629
   211/399     2.99G    0.0243  0.006806  0.001383   0.03248        33       640     0.355    0.5135    0.4929    0.2712   0.03976  0.007161  0.005079
   212/399     2.99G   0.02376  0.005972  0.002174    0.0319        29       640    0.3756    0.5311    0.5023    0.2624   0.03918  0.007152  0.004509
   213/399     2.99G   0.02415  0.006946  0.001815   0.03291        25       640     0.357    0.5086    0.4942     0.258   0.03966  0.007158  0.004642
   214/399     2.99G   0.02422  0.006935  0.001661   0.03282        24       640    0.3665    0.4969    0.4792    0.2702   0.03996  0.007335  0.005576
   215/399     2.99G   0.02331  0.006732  0.002284   0.03233        29       640    0.3696    0.5009    0.4871    0.2683   0.04069   0.00741  0.005308
   216/399     2.99G   0.02363  0.006679  0.002007   0.03232        32       640    0.3425    0.4954    0.4798    0.2731     0.039  0.007509  0.005272
   217/399     2.99G   0.02319  0.006511  0.001737   0.03144        27       640    0.3488    0.5008    0.4856    0.2322   0.03851  0.007348   0.00471
   218/399     2.99G   0.02412  0.006514  0.001727   0.03236        25       640     0.359    0.5013    0.4848    0.2303   0.03896   0.00719  0.004562
   219/399     2.99G   0.02282  0.006459  0.001616   0.03089        27       640    0.3646    0.5038    0.4904     0.236   0.03841  0.007075  0.004553
   220/399     2.99G   0.02424  0.006419  0.002322   0.03298        22       640    0.3556     0.507    0.4908    0.2456   0.03877  0.007063  0.004704
   221/399     2.99G   0.02282  0.006733  0.001131   0.03068        30       640    0.3582    0.5084    0.4976      0.29    0.0397  0.007075  0.004462
   222/399     2.99G   0.02368  0.006762  0.001736   0.03218        24       640    0.3426    0.5043    0.4833    0.2484   0.03772  0.007256  0.004251
   223/399     2.99G    0.0235    0.0065  0.001537   0.03154        33       640     0.352    0.5101    0.4939    0.2448   0.03916   0.00715  0.004736
   224/399     2.99G   0.02291  0.006527  0.001951   0.03139        27       640    0.3269    0.5013    0.4965    0.2329   0.03988  0.007321  0.005333
   225/399     2.99G   0.02261   0.00673  0.001844   0.03118        30       640    0.3387    0.5071    0.4952    0.2791   0.03837   0.00745  0.005735
   226/399     2.99G   0.02266  0.006403  0.001762   0.03083        30       640    0.3462    0.5071    0.4942    0.3008   0.04016  0.007469  0.005463
   227/399     2.99G   0.02243  0.006613  0.001692   0.03074        30       640    0.3509    0.5052    0.4871    0.2832   0.03949  0.007603   0.00532
   228/399     2.99G   0.02386  0.006856  0.002322   0.03304        28       640    0.3611    0.5041    0.4964    0.2873   0.03937  0.007393  0.005472
   229/399     2.99G   0.02364  0.006639  0.002111   0.03239        27       640    0.3495    0.5313    0.4972    0.2891   0.04032  0.007259  0.006001
   230/399     2.99G   0.02345  0.007139  0.002372   0.03296        33       640     0.327    0.5058    0.4924    0.2668   0.04135  0.007406  0.007531
   231/399     2.99G   0.02291  0.006585  0.001775   0.03127        26       640     0.362     0.526     0.498     0.288   0.04023  0.007473  0.007103
   232/399     2.99G   0.02259  0.006875  0.001576   0.03105        24       640    0.3163    0.5069    0.4908     0.294   0.03899  0.007575  0.005627
   233/399     2.99G   0.02284  0.006492  0.001654   0.03098        29       640    0.3496    0.5069    0.4848    0.2131   0.03836  0.007506  0.004911
   234/399     2.99G   0.02299   0.00634  0.001967    0.0313        21       640     0.325    0.4911    0.4637    0.2677   0.03846  0.007651  0.005047
   235/399     2.99G    0.0221  0.006582  0.002357   0.03104        35       640    0.3328    0.5056     0.412    0.2153   0.03786  0.007628  0.005408
   236/399     2.99G   0.02245  0.006159  0.001811   0.03042        26       640      0.34    0.5026    0.4763     0.291   0.03857  0.007707  0.005054
   237/399     2.99G   0.02204  0.006662  0.001647   0.03035        28       640    0.3202    0.4997    0.4865    0.2565   0.03939  0.007819  0.004783
   238/399     2.99G   0.02252  0.006731  0.001666   0.03091        23       640    0.3247    0.5056    0.4886    0.2648   0.03964  0.007768   0.00494
   239/399     2.99G   0.02215   0.00633   0.00137   0.02985        23       640    0.3209    0.5013    0.4762    0.2502      0.04  0.008001  0.005104
   240/399     2.99G    0.0222  0.006256  0.001514   0.02997        29       640    0.3494    0.5028    0.4902    0.2579   0.04125   0.00759  0.005371
   241/399     2.99G   0.02241  0.006423  0.002387   0.03122        26       640    0.3744      0.54    0.5105    0.2533   0.04017  0.007474  0.005082
   242/399     2.99G   0.02208  0.006251  0.001949   0.03028        23       640     0.335    0.5099     0.499    0.2882   0.03929  0.007399  0.005883
   243/399     2.99G   0.02211  0.006505   0.00196   0.03057        28       640    0.3287    0.5013    0.4791    0.2538   0.03982  0.007545  0.005226
   244/399     2.99G   0.02227  0.006254  0.001888   0.03041        27       640    0.3531    0.4982    0.4768    0.2653   0.03981  0.007538  0.006214
   245/399     2.99G   0.02176  0.006686  0.002224   0.03067        29       640    0.3649    0.5026    0.4879    0.2821   0.03988  0.007555  0.005888
   246/399     2.99G   0.02302  0.006486  0.002156   0.03166        27       640    0.3445    0.4997    0.4785     0.262   0.04033  0.007786  0.006892
   247/399     2.99G   0.02198  0.006349  0.001596   0.02993        23       640    0.3392     0.496     0.478    0.2856   0.04039  0.007637  0.006007
   248/399     2.99G   0.02124  0.006001  0.001699   0.02894        24       640    0.3629    0.5028    0.4939    0.2769   0.03951  0.007638   0.00519
   249/399     2.99G   0.02248  0.006748  0.001262   0.03049        26       640    0.3934     0.531    0.4831    0.2937   0.03975  0.007658  0.005087
   250/399     2.99G   0.02203  0.006416  0.001129   0.02957        24       640     0.358    0.5041    0.4844    0.2807   0.03909    0.0077  0.005502
   251/399     2.99G   0.02164  0.006399  0.001493   0.02953        22       640    0.3703    0.5099    0.4902    0.2855   0.03936  0.007604  0.005674
   252/399     2.99G   0.02121  0.006271  0.001548   0.02903        27       640     0.346    0.5013    0.4795    0.2553   0.03954  0.007561  0.005141
   253/399     2.99G   0.02123  0.006287  0.002011   0.02953        24       640    0.3518    0.5099    0.4993    0.2738   0.03966  0.007482  0.004843
   254/399     2.99G   0.02131  0.006227  0.001746   0.02928        24       640    0.3592    0.5099    0.4951    0.2546   0.03992  0.007349  0.004829
   255/399     2.99G   0.02122  0.006417  0.001214   0.02885        25       640    0.3476    0.5041    0.4861    0.2179   0.04119  0.007366  0.005005
   256/399     2.99G   0.02096  0.006142  0.001559   0.02866        28       640    0.3474    0.5041     0.486    0.2457   0.03976  0.007465   0.00523
   257/399     2.99G   0.02035  0.006092  0.001643   0.02808        24       640    0.3684    0.5084    0.4908    0.2625   0.03891  0.007393  0.005602
   258/399     2.99G    0.0208  0.006478  0.002164   0.02944        28       640    0.3714    0.5099    0.4904    0.2427    0.0393  0.007482  0.005103
   259/399     2.99G   0.02118  0.006107  0.001461   0.02875        26       640    0.3707    0.5099    0.4946    0.2772    0.0387  0.007419    0.0055
   260/399     2.99G   0.02154  0.006115  0.001303   0.02895        28       640    0.3727    0.5069    0.5015    0.2727    0.0394  0.007534   0.00514
   261/399     2.99G   0.02102  0.006218  0.001853   0.02909        27       640     0.359    0.5084    0.4979    0.2623   0.03921  0.007469  0.005462
   262/399     2.99G   0.02069  0.006075  0.001497   0.02826        21       640    0.3413    0.4967    0.4922    0.2517   0.04081  0.007662  0.005463
   263/399     2.99G   0.02042  0.006158  0.001371   0.02795        29       640    0.3486    0.4991    0.4856    0.2745   0.03901  0.007429  0.005584
   264/399     2.99G   0.02126  0.006164  0.001623   0.02905        24       640    0.3502    0.4908    0.4747    0.2679   0.03963  0.007533   0.00604
   265/399     2.99G    0.0201  0.005823  0.001404   0.02733        31       640    0.3484    0.4939    0.4754    0.2707   0.03925  0.007561  0.006064
   266/399     2.99G   0.02062  0.006325  0.001499   0.02844        31       640     0.345    0.4969    0.4753     0.269   0.03951  0.007486  0.006324
   267/399     2.99G   0.02092  0.006245  0.001493   0.02865        29       640    0.3355    0.4982    0.4799    0.2731   0.03967  0.007516  0.006865
   268/399     2.99G   0.02021  0.006024  0.001427   0.02766        27       640     0.348    0.5099    0.4917    0.2581   0.04003  0.007485  0.006768
   269/399     2.99G   0.01985  0.005715  0.001542   0.02711        36       640     0.346    0.5071    0.4919    0.2968   0.03896  0.007259  0.006429
   270/399     2.99G   0.02135  0.006548  0.001886   0.02978        31       640    0.3474    0.5114       0.5    0.2793   0.03975  0.007262  0.005918
   271/399     2.99G   0.02008  0.006226   0.00143   0.02774        27       640     0.354    0.5071    0.4901    0.2753   0.04036  0.007351  0.006178
   272/399     2.99G   0.01965  0.005964  0.001398   0.02701        28       640    0.3488    0.5028    0.4819    0.2587   0.03983  0.007494     0.006
   273/399     2.99G   0.02012  0.006195  0.001775   0.02809        29       640    0.3457    0.4997    0.4781    0.2145   0.04012   0.00765  0.005729
   274/399     2.99G   0.01975  0.005926 0.0008517   0.02652        29       640    0.3374    0.4982    0.4773     0.228    0.0398  0.007552   0.00535
   275/399     2.99G   0.01995   0.00591  0.001271   0.02713        29       640    0.3252    0.5041    0.4886    0.2383   0.04036  0.007566   0.00515
   276/399     2.99G   0.02034  0.005837  0.001723    0.0279        25       640    0.3407    0.4997    0.4777    0.2203   0.04087  0.007523  0.005117
   277/399     2.99G   0.02017  0.005751  0.001668   0.02759        22       640    0.3558    0.5028    0.4821    0.2221     0.041  0.007475  0.005398
   278/399     2.99G   0.02017  0.006082   0.00103   0.02728        30       640    0.3697    0.5086    0.4883     0.238   0.04032  0.007431  0.005739
   279/399     2.99G   0.01968  0.005803 0.0009862   0.02647        27       640    0.3633    0.5071    0.4903    0.2367   0.04107  0.007364  0.006089
   280/399     2.99G   0.01977  0.005843 0.0009778   0.02659        31       640    0.3533    0.5084    0.4969    0.2615   0.04106  0.007526  0.006315
   281/399     2.99G   0.01982  0.006264  0.001113    0.0272        24       640    0.3675    0.5056     0.489    0.2583   0.04031  0.007637  0.006661
   282/399     2.99G    0.0201  0.006086   0.00176   0.02795        29       640    0.3545    0.5056    0.4913    0.2605   0.04042  0.007651  0.006884
   283/399     2.99G   0.01998  0.005904  0.001964   0.02785        24       640    0.3478    0.5071    0.4862    0.2582   0.03987  0.007529  0.006804
   284/399     2.99G   0.01932  0.005752  0.001203   0.02627        23       640    0.3543    0.5056    0.4874    0.2706   0.03971  0.007486  0.007137
   285/399     2.99G   0.01906  0.006193  0.001679   0.02693        26       640    0.3536    0.5069    0.4952    0.2671   0.04068  0.007573  0.007199
   286/399     2.99G   0.01902  0.005653  0.001662   0.02633        27       640    0.3476    0.5069    0.4968     0.267   0.04023  0.007544  0.005943
   287/399     2.99G   0.02046  0.005939  0.001144   0.02754        23       640    0.3589    0.5099    0.5057    0.2919   0.03999  0.007487  0.005307
   288/399     2.99G   0.02015  0.006229  0.001191   0.02757        22       640    0.3485    0.5041    0.4971    0.2908   0.04076  0.007605  0.005425
   289/399     2.99G   0.01944   0.00571  0.001346   0.02649        19       640    0.3635    0.5099    0.4988    0.2586   0.03992  0.007867  0.005818
   290/399     2.99G   0.01935  0.006143  0.001256   0.02675        27       640    0.3568    0.5069    0.4964    0.2721   0.03983  0.007978  0.005754
   291/399     2.99G   0.01858  0.005668  0.001676   0.02593        32       640    0.3466    0.5069    0.4996    0.2811   0.03947  0.007806  0.005767
   292/399     2.99G   0.01938  0.005801  0.001279   0.02646        26       640    0.3386    0.5099    0.5085      0.29   0.03871   0.00764  0.005688
   293/399     2.99G   0.02008  0.005906  0.001463   0.02745        26       640      0.34    0.5071    0.4976    0.2887   0.03872  0.007495  0.005955
   294/399     2.99G   0.01961  0.005841   0.00125    0.0267        26       640    0.3465    0.5041    0.4885     0.271   0.03993  0.007635   0.00628
   295/399     2.99G   0.01891  0.005949  0.001954   0.02681        28       640    0.3598    0.5041    0.4965    0.2605   0.03995  0.007704  0.006608
   296/399     2.99G   0.01898  0.005639  0.001238   0.02585        19       640    0.3732    0.5084    0.5076    0.2618   0.03994  0.007769  0.006829
   297/399     2.99G   0.01849  0.005551  0.001288   0.02533        33       640    0.3657    0.5056     0.494    0.2674   0.04101  0.007679  0.006648
   298/399     2.99G   0.01883  0.005664  0.001589   0.02608        28       640    0.3574    0.5069    0.4976    0.2498   0.04033  0.007715  0.006451
   299/399     2.99G   0.01855   0.00602  0.001652   0.02623        34       640    0.3532     0.504    0.4936    0.2747    0.0394  0.007741  0.006876
   300/399     2.99G   0.01861  0.005449 0.0009936   0.02505        31       640    0.3537    0.5026    0.4961    0.2592    0.0402  0.007696  0.006525
   301/399     2.99G   0.01872  0.005634  0.001163   0.02552        21       640    0.3597    0.5056    0.4962    0.2611   0.03978  0.007543  0.006527
   302/399     2.99G   0.01837  0.005478  0.001295   0.02514        25       640    0.3575    0.5069    0.5018    0.2647   0.03941   0.00754  0.006951
   303/399     2.99G   0.01824  0.005831  0.001092   0.02517        24       640    0.3642    0.5097    0.5055    0.2495   0.03935  0.007539  0.006979
   304/399     2.99G   0.01864  0.005783  0.001325   0.02575        27       640    0.3435    0.5011    0.4906    0.2593   0.03873  0.007514  0.006553
   305/399     2.99G   0.02009  0.005874  0.001282   0.02725        28       640    0.3419    0.5011    0.4894    0.2616   0.03926  0.007699  0.006544
   306/399     2.99G    0.0186  0.005775  0.001661   0.02603        24       640    0.3451    0.5041    0.4911    0.2602   0.03856   0.00784  0.005822
   307/399     2.99G   0.01917  0.006082  0.001636   0.02689        27       640    0.3466    0.4994    0.4792    0.2579   0.03937  0.007783  0.005897
   308/399     2.99G   0.01813  0.005703  0.001076    0.0249        22       640     0.343    0.4997    0.4843     0.276   0.03977  0.007687  0.005763
   309/399     2.99G   0.01889  0.005599  0.001069   0.02556        31       640    0.3468    0.5026    0.4962    0.2752    0.0396  0.007808  0.005999
   310/399     2.99G   0.01865  0.005632  0.001012   0.02529        24       640    0.3627    0.5041    0.4988    0.2909    0.0387  0.007755  0.005892
   311/399     2.99G   0.01798  0.005492  0.001255   0.02472        25       640    0.3608    0.5078     0.502    0.2905   0.03905  0.007732  0.005699
   312/399     2.99G   0.01895   0.00587  0.001535   0.02635        31       640     0.375    0.5112    0.4984    0.2967   0.03857  0.007639  0.005667
   313/399     2.99G   0.01887  0.005646  0.001508   0.02602        19       640    0.3585    0.5099    0.5007    0.2826   0.03881  0.007524  0.005482
   314/399     2.99G   0.01808   0.00568  0.001231     0.025        17       640    0.3759    0.5142    0.5047    0.2962   0.03852  0.007558   0.00559
   315/399     2.99G   0.01934  0.005951  0.001485   0.02678        31       640     0.367     0.512    0.5044    0.2888   0.03917  0.007724   0.00573
   316/399     2.99G   0.01846   0.00563   0.00113   0.02522        23       640    0.3634    0.5013    0.4979    0.2704   0.03936  0.007725  0.005675
   317/399     2.99G   0.01786    0.0056  0.000867   0.02432        30       640    0.3655    0.5041    0.4966    0.2927   0.03932  0.007594  0.005664
   318/399     2.99G   0.01863  0.005712   0.00178   0.02612        16       640    0.3814    0.5093    0.5011    0.2711   0.04053  0.007561  0.005694
   319/399     2.99G   0.01897  0.005705  0.001309   0.02598        28       640    0.3521    0.5013    0.4979    0.2723   0.04026  0.007657  0.005256
   320/399     2.99G   0.01841  0.005647  0.001612   0.02567        33       640    0.3486     0.503    0.4992     0.272    0.0399   0.00766  0.005203
   321/399     2.99G    0.0181  0.005702  0.001122   0.02492        30       640    0.3445    0.5002    0.4953     0.261   0.03938  0.007616  0.005367
   322/399     2.99G   0.01811  0.005191  0.001359   0.02466        26       640    0.3554    0.5071    0.4984    0.2699   0.04045  0.007688  0.005203
   323/399     2.99G   0.01857  0.005731   0.00121   0.02551        30       640     0.353    0.5084    0.4965     0.274   0.04018  0.007689   0.00561
   324/399     2.99G   0.01777  0.005609 0.0009571   0.02433        32       640    0.3445    0.4997    0.4898    0.2633   0.03907  0.007704  0.006348
   325/399     2.99G    0.0176  0.005347  0.001394   0.02434        25       640    0.3484    0.5026    0.4875     0.274   0.03921  0.007718   0.00559
   326/399     2.99G   0.01743  0.005476  0.001389   0.02429        27       640    0.3572    0.5056    0.4911    0.2623   0.03891  0.007671  0.006736
   327/399     2.99G   0.01812  0.005601 0.0009522   0.02467        28       640     0.361    0.5071    0.4905    0.2614   0.03944  0.007666  0.006446
   328/399     2.99G   0.01754  0.005434  0.001231    0.0242        21       640    0.3699    0.5071    0.4909    0.2524      0.04  0.007784  0.006404
   329/399     2.99G   0.01798  0.005837  0.001543   0.02536        30       640    0.3548    0.5041    0.4872    0.2661   0.04001  0.007882  0.005898
   330/399     2.99G   0.01705  0.005607  0.001063   0.02372        31       640    0.3615    0.5084    0.4969    0.2627   0.03941   0.00784   0.00589
   331/399     2.99G   0.01768  0.005641  0.001129   0.02445        18       640    0.3628    0.5041    0.4884    0.2639   0.03925  0.007815  0.006478
   332/399     2.99G   0.01802   0.00571  0.001505   0.02524        19       640    0.3549    0.5026    0.4878    0.2708   0.03996   0.00778  0.005863
   333/399     2.99G   0.01796  0.005456  0.000897   0.02431        27       640    0.3604    0.5013    0.4868    0.2707   0.03998  0.007667  0.005521
   334/399     2.99G   0.01864  0.005702  0.001415   0.02576        22       640    0.3684    0.5056    0.4882    0.2556   0.03957  0.007652  0.005211
   335/399     2.99G    0.0181  0.005707  0.001463   0.02527        30       640    0.3639    0.5084    0.4967    0.2697   0.03967  0.007675  0.005092
   336/399     2.99G   0.01778   0.00533   0.00117   0.02428        30       640    0.3536    0.5056    0.4903    0.2519   0.04009    0.0077  0.005542
   337/399     2.99G   0.01834  0.005893  0.001558   0.02579        23       640    0.3483    0.5004    0.4878    0.2502      0.04  0.007799  0.006516
   338/399     2.99G   0.01688  0.005322  0.001348   0.02355        27       640    0.3484    0.4997     0.486    0.2465   0.04009  0.007844  0.006608
   339/399     2.99G   0.01763  0.005615  0.001259    0.0245        22       640    0.3529    0.5013    0.4888    0.2496   0.04043  0.007873  0.006191
   340/399     2.99G   0.01744  0.005357  0.001389   0.02419        24       640    0.3551    0.5041    0.4887    0.2554   0.03996  0.007883  0.006615
   341/399     2.99G   0.01804  0.005613  0.001503   0.02516        26       640    0.3553    0.5064    0.4912    0.2707    0.0405  0.007883  0.006005
   342/399     2.99G   0.01681  0.005358  0.001335    0.0235        29       640    0.3564    0.5069    0.4891    0.2708   0.03995  0.007905  0.005926
   343/399     2.99G    0.0174  0.005249  0.001188   0.02384        23       640    0.3622    0.5113    0.4987     0.289   0.03934  0.007857  0.006734
   344/399     2.99G   0.01714   0.00534  0.001023    0.0235        28       640    0.3643    0.5071    0.4933    0.2773   0.03876  0.007571   0.00683
   345/399     2.99G   0.01797  0.005625  0.001425   0.02502        33       640    0.3714    0.5071    0.4954    0.2777   0.03913  0.007465  0.006025
   346/399     2.99G   0.01686  0.005501  0.001155   0.02351        26       640    0.3807    0.5172    0.5068    0.2864   0.03854  0.007533  0.007016
   347/399     2.99G   0.01722  0.005497  0.001086    0.0238        26       640    0.3704    0.5129    0.5016    0.2792   0.03916    0.0076  0.005992
   348/399     2.99G    0.0166  0.005404 0.0006764   0.02268        24       640    0.3828    0.5129    0.5034    0.2833     0.039  0.007592  0.006646
   349/399     2.99G   0.01826  0.005424  0.001191   0.02487        22       640     0.374    0.5084     0.503     0.281    0.0397  0.007693  0.006178
   350/399     2.99G   0.01736  0.005344   0.00113   0.02383        27       640    0.3715    0.5099    0.5042    0.2962   0.03919  0.007717  0.006119
   351/399     2.99G   0.01691   0.00535  0.001094   0.02336        23       640    0.3661    0.5099     0.505    0.2975   0.03898  0.007758  0.006145
   352/399     2.99G   0.01694  0.005362  0.001013   0.02332        24       640    0.3668    0.5142    0.5084    0.2886   0.04021  0.007757  0.006145
   353/399     2.99G   0.01719  0.005602  0.001364   0.02416        27       640    0.3598    0.5056    0.4961    0.2867    0.0399  0.007891  0.006113
   354/399     2.99G   0.01635  0.005151 0.0009711   0.02248        31       640    0.3554    0.5099    0.5038    0.2906   0.03936  0.007952  0.006168
   355/399     2.99G   0.01622  0.005204  0.001147   0.02257        27       640    0.3561    0.5099    0.5002    0.2876   0.03944  0.007981  0.006366
   356/399     2.99G    0.0168  0.005232  0.001401   0.02344        26       640    0.3624    0.5114    0.5031    0.2774    0.0387  0.008018  0.006201
   357/399     2.99G   0.01642  0.005329  0.001142   0.02289        32       640    0.3767    0.5114    0.5045    0.2625   0.03901  0.008006  0.005876
   358/399     2.99G   0.01706  0.005462   0.00139   0.02392        22       640    0.3749    0.5129    0.5038    0.2616    0.0388  0.007913  0.005544
   359/399     2.99G   0.01659  0.005279  0.001199   0.02307        25       640    0.3697    0.5043    0.4859    0.2615    0.0388  0.007761  0.005434
   360/399     2.99G   0.01728  0.005374  0.001525   0.02418        30       640    0.3688     0.508    0.4924    0.2562   0.03967   0.00777  0.005327
   361/399     2.99G   0.01724  0.005384  0.001187   0.02381        25       640     0.356    0.5086    0.4908    0.2444   0.03915  0.007824  0.005274
   362/399     2.99G   0.01763  0.005457  0.001124   0.02421        24       640    0.3727    0.5129    0.5022    0.2624   0.03984  0.007893  0.005164
   363/399     2.99G   0.01713   0.00552  0.001257   0.02391        29       640    0.3758    0.5136    0.4999    0.2716    0.0392  0.007931  0.005328
   364/399     2.99G   0.01656  0.005182  0.001254     0.023        28       640    0.3701    0.5139    0.5013    0.2691   0.03946  0.007978  0.005265
   365/399     2.99G   0.01644  0.005254  0.001001   0.02269        28       640    0.3682    0.5107     0.502     0.256   0.03966  0.008115  0.005253
   366/399     2.99G   0.01686  0.005235  0.001217   0.02332        26       640     0.373    0.5144    0.5056    0.2621   0.03961  0.008033  0.005183
   367/399     2.99G   0.01668  0.005392  0.001068   0.02314        29       640    0.3624    0.5056    0.5007    0.2662   0.03956  0.008008   0.00547
   368/399     2.99G    0.0168  0.005152  0.001275   0.02323        34       640    0.3581    0.5056    0.4993    0.2661   0.03935  0.008073  0.005693
   369/399     2.99G   0.01612  0.005294  0.001167   0.02258        31       640    0.3507    0.5071     0.498     0.261   0.03964  0.008109  0.005746
   370/399     2.99G    0.0166  0.005346  0.001109   0.02305        27       640    0.3547    0.5074     0.501      0.26   0.03944  0.008159  0.005556
   371/399     2.99G   0.01667  0.005358 0.0007907   0.02282        21       640    0.3688    0.5129    0.5073    0.2662   0.03913  0.008206  0.005373
   372/399     2.99G   0.01675  0.005185  0.001261   0.02319        24       640    0.3752    0.5099    0.5026    0.2668    0.0396  0.008222  0.005297
   373/399     2.99G   0.01736  0.005175  0.001506   0.02404        28       640    0.3685    0.5041    0.4925    0.2482   0.03911  0.008181  0.005073
   374/399     2.99G   0.01717  0.005417  0.001109   0.02369        27       640    0.3637    0.5056    0.4985     0.244   0.03935  0.008088  0.005019
   375/399     2.99G   0.01587  0.005235 0.0009453   0.02205        30       640    0.3797    0.5028     0.486    0.2579   0.03974  0.008104  0.005069
   376/399     2.99G   0.01647  0.005306  0.001494   0.02327        34       640    0.3819    0.4982    0.4869    0.2399    0.0396  0.008065  0.005009
   377/399     2.99G   0.01659  0.005042  0.001117   0.02275        26       640    0.3889    0.5104    0.5049    0.2458   0.03951  0.007991   0.00516
   378/399     2.99G   0.01619  0.005353  0.001283   0.02283        33       640    0.3674    0.5058     0.503    0.2478    0.0395  0.007885  0.005494
   379/399     2.99G    0.0161  0.005018  0.001097   0.02222        25       640     0.369    0.5114    0.5038    0.2482   0.03955  0.007864  0.005619
   380/399     2.99G   0.01697   0.00524  0.001395    0.0236        26       640    0.3686    0.5114    0.5006     0.246   0.03895   0.00793  0.005537
   381/399     2.99G   0.01641  0.005382 0.0009693   0.02276        18       640    0.3699    0.5114    0.4983    0.2476   0.03887  0.008013  0.005463
   382/399     2.99G   0.01618  0.005113  0.001164   0.02246        30       640    0.3648    0.5071    0.4981    0.2611   0.03828  0.007992  0.005517
   383/399     2.99G   0.01609  0.005088 0.0009893   0.02217        41       640    0.3566    0.5071    0.4918     0.267   0.03917  0.007915  0.005862
   384/399     2.99G   0.01673  0.005428  0.001069   0.02323        24       640    0.3578    0.5099    0.4983    0.2728   0.03904  0.007882    0.0061
   385/399     2.99G   0.01646  0.005204  0.001072   0.02273        28       640     0.358    0.5056    0.4925    0.2707    0.0391    0.0078  0.006237
   386/399     2.99G   0.01691  0.005404  0.001118   0.02343        28       640     0.353    0.5027    0.4909     0.244     0.039  0.007802  0.006265
   387/399     2.99G   0.01635  0.005109 0.0009388    0.0224        25       640    0.3628    0.5028    0.4934    0.2477   0.03907  0.007797   0.00655
   388/399     2.99G   0.01689  0.005405  0.001352   0.02365        25       640    0.3711    0.5071    0.5015    0.2476   0.03932  0.007919  0.006571
   389/399     2.99G   0.01624  0.005214 0.0008646   0.02232        26       640     0.367    0.5091    0.5012    0.2468    0.0389  0.007982  0.006259
   390/399     2.99G   0.01608  0.005156  0.001164    0.0224        29       640     0.364    0.5101    0.5025    0.2488   0.04007  0.007857  0.006274
   391/399     2.99G   0.01667  0.005348  0.001512   0.02353        27       640    0.3597    0.5086    0.5061    0.2665   0.03928  0.007894  0.005893
   392/399     2.99G   0.01657   0.00511  0.001072   0.02275        26       640    0.3521    0.5129    0.5069    0.2676   0.03878  0.007879  0.005538
   393/399     2.99G   0.01599  0.005047 0.0008134   0.02185        24       640    0.3595    0.5129    0.5107    0.2696   0.03967  0.007948  0.005656
   394/399     2.99G   0.01614  0.005162   0.00103   0.02233        26       640    0.3617    0.5086    0.5088    0.2577   0.03941  0.008036  0.005725
   395/399     2.99G   0.01609  0.004942 0.0009928   0.02202        19       640    0.3666    0.5086    0.5045    0.2658   0.03919  0.007969  0.005911
   396/399     2.99G   0.01647  0.005048 0.0008898   0.02241        24       640    0.3689    0.5086    0.5026    0.2493   0.03908  0.007964  0.006102
   397/399     2.99G   0.01565  0.004818 0.0008249    0.0213        25       640    0.3644    0.5101    0.5017    0.2628   0.03837  0.007976  0.006134
   398/399     2.99G   0.01765  0.005145  0.001215   0.02401        29       640    0.3735    0.5086    0.5025    0.2499   0.03823  0.007858  0.006349
   399/399     2.99G   0.01602  0.004943 0.0008519   0.02182        27       640    0.3816    0.5145    0.5083    0.2699   0.03789  0.007897  0.006528
